    11    11     1
 0.000535311  4.34154e-06 -0.000956759   -0.0664636   0.00613315 -2.20234e-06 -5.02659e-05  0.000749336  0.000222518 -3.96871e-05 -3.68242e-06
 4.34154e-06  5.05648e-06  4.84641e-05  0.000950146   0.00363727  1.02705e-05  3.69602e-06 -0.000113238 -0.000121376   3.5818e-05  1.41574e-06
-0.000956759  4.84641e-05    0.0124276     0.360904     0.015231 -1.16813e-05  -0.00218185    0.0390241   0.00371877   0.00269719   0.00257037
  -0.0664636  0.000950146     0.360904      64.6415     -2.70469    0.0712703    0.0147745     0.370099      1.08316     0.480047  -0.00912212
  0.00613315   0.00363727     0.015231     -2.70469      2.83147   0.00426594   0.00262475   -0.0219655    0.0349262  0.000170519    0.0018113
-2.20234e-06  1.02705e-05 -1.16813e-05    0.0712703   0.00426594  0.000483454   5.0881e-05 -0.000696468 -0.000205796  0.000487876  6.32221e-06
-5.02659e-05  3.69602e-06  -0.00218185    0.0147745   0.00262475   5.0881e-05   0.00156598   0.00287917  0.000541027  2.54909e-05 -1.39774e-05
 0.000749336 -0.000113238    0.0390241     0.370099   -0.0219655 -0.000696468   0.00287917      8.96151  -0.00780389   0.00304181  0.000134702
 0.000222518 -0.000121376   0.00371877      1.08316    0.0349262 -0.000205796  0.000541027  -0.00780389      33.0599    0.0059128   5.6435e-05
-3.96871e-05   3.5818e-05   0.00269719     0.480047  0.000170519  0.000487876  2.54909e-05   0.00304181    0.0059128   0.00427125 -9.07694e-05
-3.68242e-06  1.41574e-06   0.00257037  -0.00912212    0.0018113  6.32221e-06 -1.39774e-05  0.000134702   5.6435e-05 -9.07694e-05   0.00139022
* row and column names
airdiff
blahblah
brooks
conc_s_bot
conc_s_top
por
por_v_min
p_air
q_air_slab
q_air_vims
theta_min
