    11    11     1
 0.000535595  4.83962e-06 -0.000255618   -0.0582109   0.00373974 -6.01337e-06 -2.50801e-05  0.000257744  0.000194017  0.000449157 -1.01085e-06
 4.83962e-06  1.84105e-06 -3.61385e-05   0.00174524   0.00147968  1.84979e-05  3.11981e-06 -3.01432e-05 -2.68988e-05  7.20415e-06  2.87359e-07
-0.000255618 -3.61385e-05   0.00967687    -0.104631   -0.0317462  0.000127757  -0.00329777    0.0202197   0.00106003  0.000248007   0.00128032
  -0.0582109   0.00174524    -0.104631      49.5249      1.11541   0.00797059    0.0147063    0.0415409     0.305564     0.111962   0.00143523
  0.00373974   0.00147968   -0.0317462      1.11541      1.20141     0.014091   0.00265169    0.0663363     0.158779   0.00259617  0.000243303
-6.01337e-06  1.84979e-05  0.000127757   0.00797059     0.014091  0.000500931  7.18308e-06 -5.04612e-05 -3.67108e-05  0.000136569 -8.52632e-08
-2.50801e-05  3.11981e-06  -0.00329777    0.0147063   0.00265169  7.18308e-06   0.00174263  0.000308392  0.000138307 -9.51887e-06  7.07173e-06
 0.000257744 -3.01432e-05    0.0202197    0.0415409    0.0663363 -5.04612e-05  0.000308392      8.99765  -0.00121853 -5.04638e-05 -4.05337e-05
 0.000194017 -2.68988e-05   0.00106003     0.305564     0.158779 -3.67108e-05  0.000138307  -0.00121853      33.0616  0.000104426  4.42524e-06
 0.000449157  7.20415e-06  0.000248007     0.111962   0.00259617  0.000136569 -9.51887e-06 -5.04638e-05  0.000104426   0.00156724  4.09993e-07
-1.01085e-06  2.87359e-07   0.00128032   0.00143523  0.000243303 -8.52632e-08  7.07173e-06 -4.05337e-05  4.42524e-06  4.09993e-07   0.00140301
* row and column names
airdiff
blahblah
brooks
conc_s_bot
conc_s_top
por
por_v_min
p_air
q_air_slab
q_air_vims
theta_min
