    11    11     1
  0.00052454 -1.12779e-05  -0.00191089   -0.0114765   0.00330457 -3.12175e-05  2.51105e-05   -0.0018783 -0.000323386  0.000555468  0.000226462
-1.12779e-05  9.95408e-06   0.00032729  -0.00219578    0.0102413  2.04287e-05 -2.93355e-06   0.00022841  1.82658e-05  8.16056e-05 -4.43193e-05
 -0.00191089   0.00032729     0.268289      1.04699     0.799338  0.000140068  -0.00465469     0.385601   -0.0120867    0.0204099   0.00325378
  -0.0114765  -0.00219578      1.04699      49.6174      11.2151    0.0387242   0.00899183    -0.553199    -0.381281     0.646671   -0.0704642
  0.00330457    0.0102413     0.799338      11.2151      17.4777    0.0239332 -0.000508118     0.121684    -0.172931      0.35396   -0.0691245
-3.12175e-05  2.04287e-05  0.000140068    0.0387242    0.0239332  0.000489697  2.74232e-05  -0.00220691 -4.99334e-05  0.000387843  8.65737e-05
 2.51105e-05 -2.93355e-06  -0.00465469   0.00899183 -0.000508118  2.74232e-05   0.00165716    0.0104574 -6.82579e-05  0.000100116 -9.13518e-05
  -0.0018783   0.00022841     0.385601    -0.553199     0.121684  -0.00220691    0.0104574      8.14459   0.00631463  -0.00804209   0.00711038
-0.000323386  1.82658e-05   -0.0120867    -0.381281    -0.172931 -4.99334e-05 -6.82579e-05   0.00631463       33.061 -0.000404536   0.00063318
 0.000555468  8.16056e-05    0.0204099     0.646671      0.35396  0.000387843  0.000100116  -0.00804209 -0.000404536    0.0123926  -0.00146408
 0.000226462 -4.43193e-05   0.00325378   -0.0704642   -0.0691245  8.65737e-05 -9.13518e-05   0.00711038   0.00063318  -0.00146408  0.000844238
* row and column names
airdiff
blahblah
brooks
conc_s_bot
conc_s_top
por
por_v_min
p_air
q_air_slab
q_air_vims
theta_min
