    11    11     1
 0.000529413 -6.17854e-06  -0.00118016  -0.00432316    0.0121014 -2.63295e-05  1.84851e-05  -0.00150485   0.00118189  0.000741077  0.000208673
-6.17854e-06  1.20154e-05  0.000254254  -0.00316047    0.0126627  2.30914e-05 -3.96664e-06  0.000344267  -7.2723e-05  0.000103101 -5.83036e-05
 -0.00118016  0.000254254     0.267377     0.733657     0.695927  0.000232184  -0.00507833     0.462609    0.0307944    0.0164472   0.00197435
 -0.00432316  -0.00316047     0.733657      43.1631      10.8028     0.035872   0.00518603    -0.324296      1.16395     0.579206   -0.0746439
   0.0121014    0.0126627     0.695927      10.8028      22.3355    0.0295722  -0.00257585     0.310855     0.639882     0.419386   -0.0960814
-2.63295e-05  2.30914e-05  0.000232184     0.035872    0.0295722  0.000494606  1.84631e-05  -0.00163566  0.000207879  0.000428743  6.80839e-05
 1.84851e-05 -3.96664e-06  -0.00507833   0.00518603  -0.00257585  1.84631e-05   0.00166502     0.010853   0.00013943  3.06573e-05 -5.89257e-05
 -0.00150485  0.000344267     0.462609    -0.324296     0.310855  -0.00163566     0.010853       8.0184   -0.0150877  -0.00300882   0.00498465
  0.00118189  -7.2723e-05    0.0307944      1.16395     0.639882  0.000207879   0.00013943   -0.0150877      33.0396    0.0021345  -0.00237514
 0.000741077  0.000103101    0.0164472     0.579206     0.419386  0.000428743  3.06573e-05  -0.00300882    0.0021345    0.0127168  -0.00185912
 0.000208673 -5.83036e-05   0.00197435   -0.0746439   -0.0960814  6.80839e-05 -5.89257e-05   0.00498465  -0.00237514  -0.00185912  0.000912802
* row and column names
airdiff
blahblah
brooks
conc_s_bot
conc_s_top
por
por_v_min
p_air
q_air_slab
q_air_vims
theta_min
