    11    11     1
 0.000533097 -6.40631e-06 -0.000962505   0.00722258    0.0215174 -1.72662e-05 -7.24339e-06  0.000600488  0.000282332   0.00102703  0.000187945
-6.40631e-06  1.32699e-05  -8.2124e-05   -0.0128663    0.0154659    2.384e-05 -6.21457e-06  0.000478952  4.03164e-05  2.80258e-05 -5.90418e-05
-0.000962505  -8.2124e-05      0.35237     0.271948    0.0381198 -0.000261597  -0.00445643     0.349998   0.00110144   0.00342065   0.00251229
  0.00722258   -0.0128663     0.271948      80.8054      1.34535    0.0373387    0.0012863     -0.12624     0.279783     0.878264    -0.103117
   0.0215174    0.0154659    0.0381198      1.34535      29.2674    0.0327709  -0.00894913     0.686344     0.174819     0.401112    -0.118502
-1.72662e-05    2.384e-05 -0.000261597    0.0373387    0.0327709  0.000500641 -3.22366e-06  0.000263623  4.34282e-05  0.000447699  4.21615e-05
-7.24339e-06 -6.21457e-06  -0.00445643    0.0012863  -0.00894913 -3.22366e-06   0.00166677   0.00928393 -2.73461e-05 -9.90795e-05  2.77685e-05
 0.000600488  0.000478952     0.349998     -0.12624     0.686344  0.000263623   0.00928393      8.27136   0.00207066   0.00737551  -0.00225772
 0.000282332  4.03164e-05   0.00110144     0.279783     0.174819  4.34282e-05 -2.73461e-05   0.00207066      33.0567   0.00301827 -0.000552124
  0.00102703  2.80258e-05   0.00342065     0.878264     0.401112  0.000447699 -9.90795e-05   0.00737551   0.00301827    0.0159293  -0.00243165
 0.000187945 -5.90418e-05   0.00251229    -0.103117    -0.118502  4.21615e-05  2.77685e-05  -0.00225772 -0.000552124  -0.00243165  0.000993167
* row and column names
airdiff
blahblah
brooks
conc_s_bot
conc_s_top
por
por_v_min
p_air
q_air_slab
q_air_vims
theta_min
