    11    11     1
 0.000595729  1.29867e-05 -0.000579864   -0.0285781   0.00837677  1.14394e-05  -2.9835e-05  0.000571182 -0.000202773  0.000403552 -2.11635e-06
 1.29867e-05  1.33508e-05 -1.76464e-05   -0.0487227    0.0110251  2.64542e-05  -1.1748e-05  0.000171099 -2.58085e-05 -0.000326148 -5.66761e-07
-0.000579864 -1.76464e-05   0.00663159     0.592603   -0.0536004  -0.00035085   -0.0017823    0.0338967   0.00233877   0.00351686    0.0017952
  -0.0285781   -0.0487227     0.592603      541.306     -64.1115    -0.125869     0.174054     -3.42416      1.22408      3.51226    0.0215609
  0.00837677    0.0110251   -0.0536004     -64.1115       10.757    0.0271669   -0.0166865     0.420758    -0.280759    -0.426079  -0.00133677
 1.14394e-05  2.64542e-05  -0.00035085    -0.125869    0.0271669  0.000461761  1.73295e-06 -0.000448395  0.000569314 -0.000992709  6.07171e-06
 -2.9835e-05  -1.1748e-05   -0.0017823     0.174054   -0.0166865  1.73295e-06   0.00165573    0.0018095  1.20792e-05   0.00100803  -3.6238e-06
 0.000571182  0.000171099    0.0338967     -3.42416     0.420758 -0.000448395    0.0018095      8.97021   0.00547647   -0.0226568  6.42296e-05
-0.000202773 -2.58085e-05   0.00233877      1.22408    -0.280759  0.000569314  1.20792e-05   0.00547647       33.055    0.0122026 -6.97802e-05
 0.000403552 -0.000326148   0.00351686      3.51226    -0.426079 -0.000992709   0.00100803   -0.0226568    0.0122026    0.0236054  0.000127282
-2.11635e-06 -5.66761e-07    0.0017952    0.0215609  -0.00133677  6.07171e-06  -3.6238e-06  6.42296e-05 -6.97802e-05  0.000127282   0.00139874
* row and column names
airdiff
blahblah
brooks
conc_s_bot
conc_s_top
por
por_v_min
p_air
q_air_slab
q_air_vims
theta_min
