    11    11     1
 0.000520588 -8.64467e-06 -0.000859782    0.0215046    0.0247325 -1.50157e-05 -2.05231e-05  0.000973547  0.000248573   0.00121306  0.000191086
-8.64467e-06  1.17395e-05 -4.22902e-05   -0.0110752     0.014162  2.24932e-05  -5.2164e-06  0.000225476  7.34708e-05  4.45734e-06 -5.29217e-05
-0.000859782 -4.22902e-05     0.475462     0.130569     0.033471 -0.000178593  -0.00212604    0.0965111  8.47769e-05     0.001704   0.00193247
   0.0215046   -0.0110752     0.130569      84.5194       3.7193    0.0402814  -0.00210769    0.0535185     0.083593     0.961619    -0.128685
   0.0247325     0.014162     0.033471       3.7193      29.6349      0.03163  -0.00815899     0.348189     0.229934     0.393438    -0.117624
-1.50157e-05  2.24932e-05 -0.000178593    0.0402814      0.03163  0.000501642 -5.13951e-06  0.000245642  2.03331e-05  0.000425968  3.42887e-05
-2.05231e-05  -5.2164e-06  -0.00212604  -0.00210769  -0.00815899 -5.13951e-06   0.00169202   0.00421507 -4.05946e-05 -0.000118663  5.23843e-05
 0.000973547  0.000225476    0.0965111    0.0535185     0.348189  0.000245642   0.00421507      8.80897   0.00175179    0.0048039  -0.00247056
 0.000248573  7.34708e-05  8.47769e-05     0.083593     0.229934  2.03331e-05 -4.05946e-05   0.00175179      33.0581   0.00132494 -0.000422031
  0.00121306  4.45734e-06     0.001704     0.961619     0.393438  0.000425968 -0.000118663    0.0048039   0.00132494    0.0165779  -0.00251596
 0.000191086 -5.29217e-05   0.00193247    -0.128685    -0.117624  3.42887e-05  5.23843e-05  -0.00247056 -0.000422031  -0.00251596   0.00102921
* row and column names
airdiff
blahblah
brooks
conc_s_bot
conc_s_top
por
por_v_min
p_air
q_air_slab
q_air_vims
theta_min
