    11    11     1
 0.000527822 -6.46017e-06 -0.000754573  -0.00314496    0.0131363 -2.59991e-05  8.52531e-06 -0.000898487  0.000212817   0.00079972  0.000218445
-6.46017e-06   1.2304e-05  8.62932e-05  -0.00441208    0.0129555  2.43039e-05  -3.0668e-06   0.00032334 -3.01319e-06   9.5235e-05 -6.02619e-05
-0.000754573  8.62932e-05     0.272196     0.458941     0.380165  3.46085e-05  -0.00482994     0.510037   0.00419341    0.0105651   0.00134184
 -0.00314496  -0.00441208     0.458941      42.5934      8.71925     0.032524   0.00435172    -0.464114     0.265497     0.587461   -0.0739578
   0.0131363    0.0129555     0.380165      8.71925      22.7469    0.0310046  -0.00181279     0.192569     0.158346     0.423136    -0.101168
-2.59991e-05  2.43039e-05  3.46085e-05     0.032524    0.0310046  0.000496462  7.40928e-06 -0.000777966  3.54992e-05  0.000431578  6.66966e-05
 8.52531e-06  -3.0668e-06  -0.00482994   0.00435172  -0.00181279  7.40928e-06   0.00168729    0.0103244  3.22014e-05  3.50881e-05 -2.85202e-05
-0.000898487   0.00032334     0.510037    -0.464114     0.192569 -0.000777966    0.0103244      7.90981  -0.00337624  -0.00371333   0.00299805
 0.000212817 -3.01319e-06   0.00419341     0.265497     0.158346  3.54992e-05  3.22014e-05  -0.00337624      33.0554   0.00371179 -0.000438468
  0.00079972   9.5235e-05    0.0105651     0.587461     0.423136  0.000431578  3.50881e-05  -0.00371333   0.00371179    0.0136973   -0.0020299
 0.000218445 -6.02619e-05   0.00134184   -0.0739578    -0.101168  6.66966e-05 -2.85202e-05   0.00299805 -0.000438468   -0.0020299  0.000881508
* row and column names
airdiff
blahblah
brooks
conc_s_bot
conc_s_top
por
por_v_min
p_air
q_air_slab
q_air_vims
theta_min
